0
12738
12738
12740
12742
12743
12744
12745
12745
12746
12746
12746
12746
12746
12746
12746
12746
12748
12749
12749
12750
12751
12752
12753
12755
12755
12756
12756
12755
12755
12755
12756
12757
12759
12760
12761
12763
12763
12764
12765
12765
12766
12766
12766
12766
12766
12767
12768
12769
12769
12770
12770
12771
12772
12773
12775
12777
12778
12778
12779
12779
12780
12781
12781
12782
12783
12783
12784
12786
12787
12787
12788
12788
12788
12788
12788
12788
12788
12788
12789
12790
12790
12791
12792
12792
12793
12794
12794
12795
12796
12796
12797
12798
12798
12799
12800
12800
12801
12801
12801
12803
12805
12805
12806
12807
12807
12807
12807
12807
12809
12811
12811
12812
12813
12813
12814
12815
12816
12817
12818
12818
12819
12819
12819
12820
12821
12822
12823
12824
12824
12825
12826
12826
12827
12828
12829
12830
12831
12831
12832
12833
12833
12833
12833
12834
12835
12836
12838
12841
12842
12842
12842
12842
12842
12842
12842
12842
12842
12842
12842
12843
12843
12844
12845
12845
12847
12848
12849
12850
12852
12852
12852
12853
12853
12854
12855
12855
12857
12858
12859
12861
12863
12863
12863
12863
12863
12865
12866
12866
12868
12870
12870
12870
12870
12870
12871
12871
12871
12871
12871
12871
12872
12872
12873
12874
12876
12876
12878
12879
12879
12880
12881
12881
12882
12882
12882
12883
12884
12885
12887
12888
12888
12889
12889
12890
12892
12893
12893
12894
12894
12894
12895
12895
12896
12897
12898
12899
12900
12900
12901
12902
12902
12903
12905
12906
12907
12909
12909
12909
12909
12909
12910
12912
12912
12914
12915
12916
12916
12916
12916
12918
12920
12920
12920
12920
12920
12921
12922
12922
12922
12923
12923
12925
12927
12928
12929
12929
12929
12929
12929
12929
12929
12929
12929
12931
12933
12934
12936
12938
12938
12939
12940
12940
12941
12941
12941
12941
12941
12942
12944
12945
12945
12946
12947
12948
12949
12950
12950
12951
12952
12953
12954
12955
12955
12956
12956
12956
12957
12957
12958
12960
12962
12962
12962
12962
12962
12962
12962
12963
12964
12965
12967
12968
12969
12971
12972
12973
12973
12974
12974
12975
12977
12977
12978
12979
12979
12980
12982
12982
12982
12983
12983
12984
12985
12985
12985
12986
12986
12987
12987
12987
12989
12990
12990
12991
12992
12992
12993
12993
12994
12995
12997
12998
13000
13003
13003
13004
13005
13005
13005
13005
13005
13005
13005
13005
13006
13007
13008
13011
13013
13013
13014
13014
13014
13014
13014
13015
13017
13018
13018
13018
13018
13019
13021
13022
13023
13025
13026
13026
13026
13026
13027
13028
13028
13028
13029
13029
13031
13033
13034
13034
13035
13035
13035
13035
13035
13036
13038
13039
13040
13042
13042
13042
13043
13043
13043
13044
13044
13045
13047
13047
13049
13051
13051
13051
13052
13052
13053
13055
13055
13057
13059
13059
13061
13062
13062
13063
13064
13064
13065
13066
13066
13067
13068
13069
13070
13071
13072
13073
13074
13074
13075
13075
13076
13078
13079
13079
13079
13079
13079
13080
13081
13081
13082
13083
13083
13084
13085
13085
13086
13087
13087
13087
13087
13088
13090
13091
13093
13095
13096
13097
13098
13099
13099
13099
13099
13101
13103
13104
13105
13106
13106
13106
13106
13106
13108
13109
13110
13111
13112
13112
13112
13113
13113
13114
13115
13115
13116
13118
13118
13119
13120
13121
13123
13125
13125
13127
13128
13128
13129
13129
13129
13129
13129
13129
13129
13129
13130
13131
13133
13134
13136
13138
13138
13138
13138
13138
13138
13138
13139
13140
13141
13142
13144
13146
13147
13148
13149
13150
13151
13151
13152
13154
13155
13155
13155
13155
13156
13157
13158
13159
13160
13160
13161
13163
13164
13165
13167
13168
13168
13168
13168
13168
13168
13168
13169
13170
13170
13172
13174
13175
13175
13175
13175
13176
13177
13178
13180
13183
13184
13185
13187
13187
13188
13189
13189
13190
13192
13192
13194
13196
13196
13196
13196
13196
13197
13197
13197
13199
13200
13200
13202
13203
13203
13204
13204
13204
13205
13205
13206
13207
13208
13209
13210
13211
13211
13212
13212
13212
13213
13214
13215
13217
13219
13220
13221
13222
13223
13224
13225
13225
13226
13226
13226
13227
13228
13229
13231
13232
13232
13233
13233
13233
13233
13233
13234
13235
13235
13236
13238
13238
13240
13241
13242
13242
13243
13243
13244
13245
13245
13247
13248
13249
13251
13252
13253
13255
13257
13258
13258
13258
13258
13258
13259
13259
13260
13262
13263
13264
13266
13266
13267
13267
13267
13268
13269
13269
13271
13272
13272
13273
13274
13274
13276
13277
13278
13279
13281
13281
13282
13283
13284
13285
13286
13287
13288
13289
13289
13289
13289
13289
13289
13289
13291
13293
13295
13296
13298
13299
13300
13301
13301
13301
13301
13301
13301
13301
13301
13302
13303
13304
13306
13309
13310
13312
13315
13316
13316
13316
13316
13316
13316
13316
13318
13319
13320
13321
13323
13323
13324
13326
13326
13327
13329
13329
13330
13332
13332
13333
13334
13334
13335
13335
13335
13336
13337
13337
13337
13337
13338
13340
13343
13343
13345
13346
13346
13347
13348
13349
13350
13352
13352
13353
13354
13354
13355
13356
13356
13357
13358
13359
13360
13361
13361
13362
13363
13364
13366
13367
13368
13370
13372
13372
13373
13373
13373
13374
13374
13374
13375
13375
13376
13377
13377
13378
13379
13380
13382
13384
13385
13385
13385
13385
13385
13386
13386
13389
13391
13392
13393
13394
13394
13395
13396
13396
13397
13398
13398
13399
13401
13401
13403
13404
13405
13407
13409
13410
13410
13411
13411
13411
13411
13411
13413
13414
13414
13416
13417
13417
13419
13420
13420
13421
13421
13422
13423
13425
13425
13426
13426
13426
13428
13429
13429
13431
13432
13433
13434
13435
13435
13436
13437
13438
13439
13440
13441
13442
13443
13444
13445
13446
13447
13448
13449
13450
13452
13453
13454
13456
13456
13456
13456
13456
13457
13458
13458
13459
13461
13462
13462
13463
13463
13464
13465
13466
13467
13468
13469
13470
13471
13471
13471
13471
13471
13473
13475
13476
13478
13480
13480
13482
13484
13484
13484
13484
13484
13486
13488
13489
13491
13493
13493
13494
13495
13495
13496
13497
13497
13499
13500
13500
13501
13502
13502
13504
13505
13505
13505
13505
13506
13508
13509
13510
13511
13512
13513
13514
13515
13515
13516
13517
13516
13516
13516
13516
13517
13518
13520
13523
13525
13526
13528
13530
13530
13531
13531
13532
13533
13533
13534
13535
13535
13536
13537
13537
13539
13541
13542
13543
13544
13544
13545
13546
13546
13546
13546
13546
13548
13549
13550
13552
13553
13554
13555
13557
13557
13559
13561
13562
13562
13563
13563
13564
13565
13565
13566
13567
13568
13570
13572
13572
13573
13574
13574
13574
13574
13575
13576
13578
13579
13582
13585
13585
13586
13587
13587
13587
13587
13587
13588
13589
13590
13592
13593
13593
13594
13594
13595
13597
13598
13599
13600
13600
13602
13604
13605
13607
13609
13611
13611
13612
13612
13612
13613
13613
13613
13614
13614
13615
13617
13618
13618
13619
13619
13621
13623
13624
13624
13625
13625
13625
13626
13626
13628
13630
13631
13632
13634
13634
13636
13638
13638
13640
13642
13642
13643
13644
13644
13644
13644
13644
13646
13647
13647
13648
13649
13649
13650
13651
13651
13653
13654
13654
13654
13654
13655
13657
13660
13661
13663
13665
13666
13667
13668
13668
13669
13669
13670
13672
13674
13675
13677
13678
13679
13680
13681
13681
13681
13681
13682
13684
13685
13686
13688
13689
13689
13689
13689
13691
13693
13694
13695
13696
13697
13697
13698
13698
13699
13700
13700
13702
13703
13704
13704
13705
13705
13706
13707
13707
13709
13710
13711
13711
13712
13712
13713
13715
13716
13718
13721
13722
13724
13726
13726
13726
13726
13726
13727
13729
13729
13731
13732
13732
13734
13735
13736
13737
13739
13739
13741
13742
13742
13743
13743
13743
13744
13745
13746
13747
13749
13749
13749
13749
13750
13752
13753
13754
13755
13756
13757
13758
13759
13760
13761
13762
13763
13764
13764
13765
13766
13767
13769
13771
13773
13774
13775
13776
13777
13778
13779
13780
13782
13783
13783
13783
13783
13783
13783
13783
13785
13787
13788
13790
13791
13792
13792
13792
13792
13793
13795
13795
13796
13797
13798
13800
13802
13802
13803
13804
13804
13806
13808
13808
13810
13811
13811
13813
13815
13816
13817
13819
13819
13820
13820
13820
13821
13821
13821
13822
13822
13823
13824
13826
13827
13829
13831
13831
13832
13832
13832
13833
13833
13834
13836
13837
13838
13840
13841
13842
13844
13846
13847
13848
13849
13850
13851
13851
13851
13852
13852
13854
13856
13857
13858
13859
13860
13860
13861
13861
13863
13865
13866
13868
13869
13870
13870
13870
13870
13872
13874
13875
13876
13877
13877
13877
13878
13878
13879
13881
13881
13881
13882
13882
13884
13886
13887
13889
13891
13891
13892
13892
13892
13894
13896
13897
13900
13903
13903
13903
13903
13903
13903
13903
13904
13905
13907
13908
13910
13911
13911
13912
13913
13913
13914
13914
13915
13917
13918
13919
13921
13922
13922
13923
13923
13924
13925
13926
13928
13930
13932
13933
13935
13936
13937
13938
13938
13938
13939
13939
13940
13941
13942
13943
13945
13946
13948
13949
13950
13952
13954
13955
13955
13955
13955
13956
13957
13957
13959
13961
13962
13964
13966
13967
13969
13970
13970
13972
13974
13974
13975
13976
13976
13978
13979
13979
13981
13983
13983
13984
13984
13984
13985
13986
13987
13988
13990
13990
13991
13992
13992
13992
13992
13993
13994
13996
13996
13997
13998
13999
14000
14001
14002
14004
14005
14005
14006
14007
14008
14010
14011
14011
14013
14013
14014
14016
14017
14019
14021
14022
14024
14026
14028
14028
14028
14028
14028
14029
14029
14030
14032
14033
14034
14035
14036
14037
14038
14038
14040
14041
14042
14043
14045
14045
14045
14045
14045
14046
14048
14048
14050
14052
14053
14055
14057
14058
14060
14062
14062
14064
14066
14066
14068
14070
14070
14071
14071
14071
14071
14071
14071
14071
14071
14071
14072
14072
14073
14076
14078
14079
14081
14082
14083
14084
14085
14086
14087
14088
14089
14090
14091
14092
14093
14094
14094
14095
14096
14098
14100
14102
14103
14104
14105
14106
14107
14107
14108
14110
14111
14112
14114
14115
14116
14117
14117
14118
14119
14120
14120
14121
14121
14122
14124
14124
14126
14127
14128
14129
14130
14130
14132
14133
14134
14136
14137
14138
14139
14141
14141
14142
14143
14144
14146
14149
14149
14150
14150
14150
14152
14153
14154
14156
14159
14159
14160
14160
14160
14161
14162
14162
14164
14165
14165
14167
14168
14168
14170
14171
14172
14173
14175
14176
14177
14179
14179
14180
14181
14181
14182
14183
14183
14185
14185
14187
14189
14190
14192
14194
14196
14196
14196